12762
13005
13293
13567
14017
14418
9829
10096
10416
10704
11029
11162
11685
12061
8045
9082
9138
26787
26907
28015
28338
28738
29333
2921
3110
3396
3996
4327
4938
5677
5555
30856
32657
33079
43425
42687
41698
40205
38069
36646
34430
36035
16660
18095
19253
20544
47232
50409
51634
53091
53358
56280
57577
58708
29643
29644
29645
29646
58746
65090
24446
76301
85753
87433
88928
99000
102826
104596
108031
111174
123408
128921
address-before-joint-session-the-congress-the-state-the-union-25
address-before-joint-session-the-congress-the-state-the-union-26
